1, 36;
2, 38;
3, 39;
4, 41;
5, 43;
6, 45;
7, 46;
8, 48;
9, 50;
10, 51;
11, 53;
12, 55;
13, 57;
14, 58;
15, 60;
16, 62;
17, 63;
18, 65;
19, 67;
20, 69;
21, 70;
22, 72;
23, 74;
24, 75;
25, 77;
26, 79;
27, 81;
28, 82;
29, 84;
30, 86;
31, 87;
32, 89;
33, 91;
34, 93;
35, 94;
36, 96;
37, 98;
38, 99;
39, 101;
40, 103;
41, 105;
42, 106;
43, 108;
44, 110;
45, 111;
46, 113;
47, 115;
48, 117;
49, 118;
50, 120;
51, 122;
52, 123;
53, 125;
54, 127;
55, 129;
56, 130;
57, 132;
58, 134;
59, 135;
60, 137;
61, 139;
62, 141;
63, 142;
64, 144;
65, 146;
66, 147;
67, 149;
68, 151;
69, 153;
70, 154;
71, 156;
72, 158;
73, 159;
74, 161;
75, 163;
76, 165;
77, 166;
78, 168;
79, 170;
80, 171;
81, 173;
82, 175;
83, 177;
84, 178;
85, 180;
86, 182;
87, 183;
88, 185;
89, 187;
