1, 36;
2, 38;
3, 40;
4, 41;
5, 43;
6, 45;
7, 47;
8, 48;
9, 50;
10, 52;
11, 53;
12, 55;
13, 57;
14, 59;
15, 60;
16, 62;
17, 64;
18, 65;
19, 67;
20, 69;
21, 71;
22, 72;
23, 74;
24, 76;
25, 77;
26, 79;
27, 81;
28, 83;
29, 84;
30, 86;
31, 88;
32, 89;
33, 91;
34, 93;
35, 95;
36, 96;
37, 98;
38, 100;
39, 101;
40, 103;
41, 105;
42, 107;
43, 108;
44, 110;
45, 112;
46, 113;
47, 115;
48, 117;
49, 119;
50, 120;
51, 122;
52, 124;
53, 125;
54, 127;
55, 129;
56, 131;
57, 132;
58, 134;
59, 136;
60, 137;
61, 139;
62, 141;
63, 143;
64, 144;
65, 146;
66, 148;
67, 149;
68, 151;
69, 153;
70, 155;
71, 156;
72, 158;
73, 160;
74, 161;
75, 163;
76, 165;
77, 167;
78, 168;
79, 170;
80, 172;
81, 173;
82, 175;
83, 177;
84, 179;
85, 180;
86, 182;
87, 184;
88, 185;
89, 187;
