1, 36;
2, 37;
3, 39;
4, 41;
5, 42;
6, 44;
7, 46;
8, 48;
9, 49;
10, 51;
11, 53;
12, 54;
13, 56;
14, 58;
15, 60;
16, 61;
17, 63;
18, 65;
19, 66;
20, 68;
21, 70;
22, 72;
23, 73;
24, 75;
25, 77;
26, 78;
27, 80;
28, 82;
29, 84;
30, 85;
31, 87;
32, 89;
33, 90;
34, 92;
35, 94;
36, 96;
37, 97;
38, 99;
39, 101;
40, 102;
41, 104;
42, 106;
43, 108;
44, 109;
45, 111;
46, 113;
47, 114;
48, 116;
49, 118;
50, 120;
51, 121;
52, 123;
53, 125;
54, 126;
55, 128;
56, 130;
57, 132;
58, 133;
59, 135;
60, 137;
61, 138;
62, 140;
63, 142;
64, 144;
65, 145;
66, 147;
67, 149;
68, 150;
69, 152;
70, 154;
71, 156;
72, 157;
73, 159;
74, 161;
75, 162;
76, 164;
77, 166;
78, 168;
79, 169;
80, 171;
81, 173;
82, 174;
83, 176;
84, 178;
85, 180;
86, 181;
87, 183;
88, 185;
89, 186;
